1110010110111011100010000010100
0110101100101100111011000011111101110111100001111110111011110010110110000001000000
111101010100001110100110011110010101110000001111110111110011
11110101010000111111010101111001101111110000001111110111110011
111101010100001111100001011110010110111110000001111110111110011
1111010101000011111110010011110000001110010110000001111110111110011
01000110100001011010101011110001011111110111010111100010101110011000011101011101101001
1101110011001001001011111010111011100010001110110111001011000011101011101101001
110111001100100100101111101011101110001000111011011000101011001010110110010011101110001010110
0100011010000101101010101111001111010110000001111110001100011011000101110011000011101011101101001
1101110011001001001011111010111011100010001110110111001011000011101011101101001
01000110100001011010101011110001011111110111010111100010101110011000011101011101101001
0100011010000101100000101111001111010110000001111110001100011011000101110011000011101011101101001
0100011010000101101100100111100110001010110010100101110011000011101011101101001
110111001100100100111001011000011101011101101001110110111001101000101000001
110111001100100100101111101011101110001000111011011000101011001010110110010011101110001010110
110111001100100100101111101011101110001000111011011000101011001010110110010011101110001010110
010001101000010110101010111100110001010110010100101110011000011101011101101001
1101110011001001001011111010111011100010001110110111001011000011101011101101001
01001110110000110110110101010101111000000110101
11111011011011111100000111011001000100
0100010101000011111110010011110000001110010110000001111110111110011
010001010100001111100001011110010110111110000001111110111110011
01000101010000111111010101111001101111110000001111110111110011
010001010100001110100110011110010101110000001111110111110011
0110101100101100111011000011111101110111100001111110111011110000001000000
110111011010100001110100110
1110010110000111010111011010011101101110011010001010000010000010
011010110010110011101100001111110111011110000111111011101111001011011001011010110010
111101010100001110100110011110010101110000001111110111110011
11110101010000111111010101111001101111110000001111110111110011
111101010100001111100001011110010110111110000001111110111110011
1111010101000011111110010011110000001110010110000001111110111110011
11110101010000111111011010011110000001000000110000001111110111110011
11110101010000111111101111011110011001010101110000001111110111110011
1111010101000011111101000001111001100101101111110000001111110111110011
1111010101000011111000000011110011001010110111110000001111110111110011
1110001101010000111111010101111000011111101010111100001011010101
1110001101010000111110000101111000011111000010111100001011000001
1110001101010000111111100100111100001111111001001111000010110110010
111000110101110110000111111011010011110000111111011010011110010101
111000110101110110000111111101111011110000111111101111011110010101
111000110101110110000111111010000011110000111111010000011110010101
111000110101110110000111110000000111100001111100000001111001101111
111001011000011101011101101001110110111001101000101000001110110010011100011100010111000010000010
01001110110000111111101111011110010101100
1110010110000111010111011010011101101110011010001010000011101100100111000111000101111100100000010
01001110110000111111010000011110010101100
010011101000001101011001000010101111000000011110010101
11100101100001110101110110100111011011100110100010100000111011001001110001110001011110110100000010
1110011010001010000011000011111101101001111000011111000000
11100101011110100111000100001000110101
01101011001011001000010001000010111100001000110101011110000111111010000
111101000100100001000100001011110000100010000101111001011010
0110101100101100100001000111001001111000010001000010111001111110101
0100000001101011001000010101111101010111100101011100000010001110010110011
1110011010001010000011000011111101000001111000011111000000
11100101011110100111000100001000110101
